292.28054810 31.78406906
316.31765747 31.83737755
340.38873291 32.10171127
364.39266968 32.18877029
388.11041260 32.61310959
412.05172729 32.62846756
435.65066528 32.77727890
459.20013428 33.04326630
482.60232544 33.22610474
506.18276978 33.73151016
529.53472900 33.85292816
552.55084229 34.00402832
575.46746826 34.34188080
598.12701416 34.91909409
292.70684814 56.35470581
316.55627441 56.35130692
340.44354248 56.48287964
364.34082031 56.55115128
388.09796143 56.85324478
411.77017212 57.04339218
435.21868896 57.11033249
458.65197754 57.27085114
482.07882690 57.37386322
505.54101562 57.72806549
529.04803467 57.61711502
552.15307617 57.95784760
575.01068115 58.07649994
597.66375732 58.53641510
292.89300537 80.30687714
316.55572510 80.24175262
340.45425415 80.47578430
364.20089722 80.61184692
387.81942749 80.97005463
411.38253784 81.12875366
434.58593750 81.20297241
457.96136475 81.40299988
481.27590942 81.50311279
504.52044678 81.60510254
527.87921143 81.52434540
551.03137207 81.61111450
574.04577637 81.74751282
596.69262695 82.22292328
292.91284180 104.28059387
316.60803223 104.44303894
340.50921631 104.60874939
364.22808838 104.58668518
387.68429565 104.99913025
411.24655151 105.05264282
434.28598022 105.30605316
457.47161865 105.54053497
480.69165039 105.45600891
503.79260254 105.81500244
527.19567871 105.74143219
550.15740967 105.59477234
572.94897461 105.62344360
595.92242432 105.95713043
293.18490601 128.24211121
316.67355347 128.38414001
340.57192993 128.54855347
364.27713013 128.58712769
387.81570435 128.72196960
411.10751343 128.89349365
434.32699585 129.08125305
457.18389893 129.31304932
480.42221069 129.27670288
503.42102051 129.42872620
526.45208740 129.46443176
549.39862061 129.46649170
572.38330078 129.45448303
595.32312012 129.43756104
293.12506104 151.85676575
316.53985596 151.84378052
340.39791870 151.92121887
364.01657104 151.99920654
387.26300049 152.11425781
410.76541138 152.28128052
433.75759888 152.38685608
456.78482056 152.49427795
479.77902222 152.62329102
502.57431030 152.72917175
525.58050537 152.73059082
548.48242188 152.64550781
571.40783691 152.49642944
594.25640869 152.59014893
293.41091919 175.25111389
316.63595581 175.09432983
340.14379883 175.01985168
363.58056641 175.24172974
386.98590088 175.38549805
410.20758057 175.43373108
433.43176270 175.47817993
456.38360596 175.77308655
478.88488770 175.66613770
501.51110840 175.91732788
524.65966797 175.64912415
547.42596436 175.52870178
570.19421387 175.49102783
592.98156738 175.44566345
293.44543457 198.65802002
316.76733398 198.46641541
340.01208496 198.42636108
363.62789917 198.47705078
386.94625854 198.51977539
409.87545776 198.45066833
433.17248535 198.65422058
455.86737061 198.64776611
478.25201416 198.69830322
500.91122437 198.75028992
523.80877686 198.44258118
546.56066895 198.52940369
569.31469727 198.58062744
592.22680664 198.33230591
293.55364990 221.96652222
316.70025635 221.76054382
340.27725220 221.67085266
363.61267090 221.83764648
386.75228882 221.81396484
409.67745972 221.68516541
432.52062988 221.82260132
455.18664551 221.62295532
477.74420166 221.63758850
500.39056396 221.54844666
522.92565918 221.41307068
545.71063232 221.34272766
568.40759277 221.27116394
591.18023682 221.32232666
293.30712891 245.14231873
316.75509644 245.03538513
340.29760742 244.79667664
363.68627930 244.89529419
386.69479370 244.74615479
409.48519897 244.67314148
432.23992920 244.58666992
454.44223022 244.45794678
477.06726074 244.45278931
499.63256836 244.48876953
522.42980957 244.11410522
544.92932129 244.07530212
567.61102295 243.97236633
590.10833740 243.84532166
