48.06520081 109.95740509
85.29620361 111.58631134
120.71090698 113.49287415
153.56448364 115.27560425
184.86843872 117.05625916
213.98628235 118.39515686
241.82676697 119.68203735
268.09408569 121.27153015
293.07406616 122.26430511
316.62734985 123.62007904
339.47512817 124.74874878
360.66918945 125.51943207
381.09359741 126.62670898
400.38003540 127.61084747
49.49107361 146.42941284
86.01544952 146.82667542
120.78750610 147.64332581
153.66691589 148.28408813
184.53918457 149.07160950
213.72256470 149.53569031
240.96757507 149.84489441
266.95956421 150.55633545
291.84906006 150.81886292
315.55786133 151.47511292
338.06750488 151.81294250
359.46008301 152.36088562
379.60076904 152.57843018
398.79495239 153.25277710
50.22822571 181.78433228
86.45909119 181.08793640
121.06195068 181.06044006
153.67390442 180.63119507
184.09603882 180.57205200
212.90324402 180.05226135
239.99502563 179.74108887
265.68688965 179.51885986
290.50360107 179.24841309
314.00482178 179.02978516
336.50238037 178.83460999
357.58953857 178.45277405
377.72970581 178.36828613
396.86178589 178.25770569
50.86091614 216.41856384
87.12829590 215.22332764
121.42206573 213.93005371
153.75798035 212.83972168
183.81813049 211.72155762
212.33306885 210.52742004
239.23728943 209.48989868
264.99798584 208.69815063
289.33685303 207.53225708
312.62530518 206.82537842
334.82418823 205.66439819
355.94570923 204.86071777
375.84960938 204.10455322
395.35702515 203.37889099
51.81071091 250.67915344
87.47760010 248.49269104
121.64505768 246.34901428
153.82348633 244.30996704
183.48945618 242.41577148
211.85603333 240.43771362
238.64819336 238.63648987
264.06240845 237.16235352
288.38714600 235.31616211
311.44473267 233.70556641
333.50735474 232.20909119
354.40313721 230.64440918
374.37475586 229.28596497
393.55050659 228.01518250
52.82116318 284.24441528
87.72595978 280.73834229
121.52109528 277.69015503
153.35893250 274.78167725
182.92433167 271.97640991
211.00218201 269.44186401
237.77810669 267.03073120
263.19531250 264.78344727
287.20233154 262.30294800
309.79171753 260.09567261
331.68084717 257.79620361
352.52041626 255.74044800
372.45919800 253.62609863
391.80706787 251.93534851
53.37846375 316.58306885
88.11691284 312.16543579
121.33056641 308.24420166
152.70498657 304.71881104
182.24488831 301.23992920
209.93289185 297.79254150
236.84251404 294.68594360
262.07583618 291.74822998
285.63372803 288.94766235
308.18356323 286.08230591
330.06524658 283.17532349
350.75613403 280.33825684
370.51803589 277.77670288
389.67376709 275.59899902
54.01664734 348.84899902
88.39377594 343.42007446
121.24367523 338.41177368
152.67453003 334.12277222
182.02793884 329.87240601
209.56715393 325.62686157
236.24176025 322.10403442
261.06307983 318.42666626
284.43182373 314.83337402
306.75503540 311.48205566
328.50976562 307.77743530
349.23455811 304.81494141
368.91690063 301.93588257
387.87985229 298.84582520
54.79899597 380.41006470
88.80816650 374.20712280
121.35530853 368.41775513
152.57464600 363.26327515
181.45603943 358.02420044
208.81227112 353.20944214
234.93864441 348.92831421
259.44375610 344.68014526
283.23141479 340.44049072
305.41857910 336.54949951
326.84631348 332.54953003
347.63821411 328.76367188
367.22534180 325.38345337
386.06253052 321.98315430
55.36775970 411.24084473
89.36155701 404.17370605
121.43185425 397.76797485
152.05012512 391.86944580
181.02807617 385.68753052
208.25259399 380.21380615
233.99523926 375.28912354
258.37872314 370.31057739
281.80175781 365.61636353
304.18630981 361.17434692
325.54916382 356.76333618
346.04153442 352.44729614
365.54678345 348.49365234
383.93139648 344.61837769
