38.53738403 38.63362122
60.90005493 38.80406189
83.84930420 39.80812836
106.41009521 40.32507706
129.56298828 41.33742523
152.47370911 41.92323303
175.35833740 42.89549255
198.07481384 43.80686951
220.98376465 44.60637665
243.78193665 45.64577866
266.88760376 46.32228851
289.50961304 47.07374573
312.54901123 47.65565491
335.36968994 48.54485321
39.28697586 61.91273499
61.66320038 62.41233826
84.36106873 63.08417892
106.99592590 63.70965958
130.07714844 64.65602112
152.67617798 65.65320587
175.49201965 66.48955536
198.08872986 67.26757812
220.72433472 68.10372925
243.63648987 68.90759277
266.39111328 69.64391327
289.15274048 70.35050201
311.65521240 70.99968719
334.57559204 71.93130493
40.02032852 84.90415192
62.36747742 85.41133118
84.73268890 86.40850067
107.52382660 87.10945129
130.30613708 88.11509705
152.87927246 88.71025848
175.35679626 89.58165741
197.58001709 90.45109558
220.36161804 91.17227173
242.85354614 92.04374695
265.64483643 92.76759338
288.17944336 93.45022583
310.78427124 94.07598877
333.44021606 95.01504517
40.59180069 107.60612488
63.19077301 108.60743713
85.59665680 109.28369904
107.93356323 110.27163696
130.54901123 111.16479492
153.11557007 112.13171387
175.45349121 112.69982147
197.66212463 113.57031250
220.20320129 114.31697845
242.65954590 115.29465485
265.13934326 115.76816559
287.63623047 116.39345551
310.32315063 117.16113281
332.68133545 117.94383240
41.59206390 130.53115845
63.82015610 131.48452759
86.37977600 132.30879211
108.81132507 133.07240295
130.98472595 133.95561218
153.58132935 134.71746826
175.75868225 135.45567322
197.76855469 136.41320801
220.13609314 137.00395203
242.51354980 137.74871826
264.89859009 138.52728271
287.45410156 139.18933105
309.74887085 139.95549011
332.24288940 140.70594788
42.20621490 153.15711975
64.37234497 153.66790771
86.55946350 154.50706482
109.11346436 155.40293884
131.29391479 156.27896118
153.55039978 157.20251465
175.49856567 157.67735291
197.57456970 158.57926941
219.77697754 159.19285583
242.10687256 160.09394836
264.40521240 160.71559143
286.79483032 161.37226868
309.14498901 161.97685242
331.49124146 162.81643677
43.11324692 174.73275757
65.02999878 175.58230591
87.15846252 176.53671265
109.26168823 177.35415649
131.37226868 178.21026611
153.43565369 178.98266602
175.58709717 179.75912476
197.49960327 180.50009155
219.48294067 181.33842468
241.46450806 182.04605103
263.84719849 182.68629456
286.01345825 183.25408936
308.22769165 184.09686279
330.42547607 184.70491028
44.13953781 196.65467834
66.06229401 197.44493103
87.80075073 198.18542480
109.79164124 199.25347900
131.85531616 200.01332092
153.79246521 200.67767334
175.74005127 201.59535217
197.43959045 202.47569275
219.01834106 203.21292114
241.34251404 203.88313293
263.30657959 204.41596985
285.58087158 205.27366638
307.50396729 205.99630737
329.59237671 206.67411804
45.07722855 218.59747314
66.66624451 219.12138367
88.57938385 219.88436890
110.59328461 220.94555664
132.47819519 221.50260925
154.20256042 222.31892395
175.67520142 223.25871277
197.12805176 224.03601074
219.04475403 224.74157715
240.90995789 225.44917297
262.95809937 226.19497681
284.75003052 226.96298218
306.87179565 227.71058655
328.92880249 228.49923706
45.58609772 239.76513672
67.50214386 240.52325439
89.33332825 241.20227051
111.18584442 242.35339355
133.04803467 242.96589661
154.48916626 243.73677063
176.00477600 244.53979492
197.36299133 245.45524597
219.08677673 246.14863586
240.67204285 246.93962097
262.56338501 247.71900940
284.46990967 248.46023560
306.40380859 249.25161743
328.17129517 250.11500549
