165.60311890 94.10864258
188.99034119 92.49597168
213.20343018 91.12228394
238.26647949 89.41229248
264.54315186 88.09805298
291.90762329 86.69553375
320.49783325 85.00788879
350.22781372 83.38544464
381.42724609 81.44061279
414.10571289 80.00179291
448.51138306 77.90611267
484.60171509 75.76523590
522.51226807 73.41506958
562.43341064 71.24691772
165.80249023 122.72801208
188.95193481 121.72969055
212.98562622 121.06981659
237.69351196 120.03400421
264.12957764 119.31899261
291.51211548 118.04528809
319.85601807 117.30449677
349.19396973 116.32575226
380.46499634 115.58110809
413.08694458 114.70443726
446.86093140 113.46599579
482.68005371 112.16026306
520.35955811 111.10037231
560.36511230 109.62339783
165.43055725 151.37753296
188.42425537 150.67893982
212.58082581 150.61622620
237.39019775 150.28077698
263.36499023 150.27511597
290.66320801 149.71128845
318.72088623 149.53134155
348.22006226 149.33029175
379.03112793 149.22656250
411.54718018 149.24797058
445.21472168 149.12272644
480.53405762 148.71775818
518.26751709 148.10070801
557.67779541 147.91004944
165.51062012 179.41778564
188.35163879 179.97299194
212.18194580 180.30566406
236.72181702 180.79971313
262.80526733 181.12351990
290.04779053 181.55335999
318.08361816 181.98313904
347.20339966 182.71473694
378.07717896 183.19326782
410.38021851 183.96543884
444.10452271 184.43122864
479.22845459 185.03512573
516.59808350 185.49536133
555.76177979 186.07691956
165.41784668 208.01148987
188.23849487 208.93794250
211.88990784 209.90295410
236.56127930 210.92889404
262.44403076 212.09146118
289.60214233 212.98947144
317.46539307 214.15472412
346.47549438 215.55345154
377.57977295 216.74737549
409.74401855 218.01522827
443.41030884 219.51441956
478.49441528 220.73501587
515.27288818 222.30769348
554.25372314 223.73159790
165.16017151 235.76153564
187.80894470 237.38008118
211.45021057 238.87713623
235.74247742 240.57192993
261.66601562 242.29876709
288.67187500 243.99392700
316.62722778 245.77314758
345.69747925 247.99269104
376.69775391 249.60687256
408.58984375 251.93670654
442.26956177 253.68016052
476.90515137 255.81108093
513.71636963 258.13980103
552.44085693 260.70126343
165.26670837 263.48037720
187.77377319 265.35299683
211.05131531 267.50338745
235.41128540 269.91085815
261.19070435 272.13360596
288.01800537 274.59100342
315.90179443 277.31488037
344.90991211 279.61578369
375.34722900 282.20483398
407.29537964 285.04153442
440.67135620 287.46759033
475.38708496 290.34835815
511.49069214 293.39456177
550.16546631 296.98413086
165.33110046 291.11578369
187.83290100 293.42587280
210.89320374 296.15371704
235.35806274 298.92440796
261.22030640 301.89874268
287.67486572 304.72821045
315.66653442 308.30081177
344.35717773 311.15948486
374.39212036 314.57904053
406.00305176 317.90579224
439.55859375 321.22787476
474.13952637 325.06997681
510.24682617 329.21469116
548.44891357 333.38519287
165.51394653 318.58193970
187.96813965 321.10351562
211.32902527 324.48596191
235.58480835 328.16955566
261.19006348 331.53036499
287.58926392 334.98367310
315.08901978 338.83718872
343.28640747 342.53820801
373.53329468 346.57116699
405.13342285 350.77130127
437.94949341 354.77539062
472.56787109 359.30603027
508.55764771 364.37152100
547.00555420 369.31585693
165.42617798 345.59201050
188.01765442 349.07653809
211.32206726 352.50070190
235.55221558 356.70141602
261.23605347 360.69555664
287.40542603 364.84942627
314.56176758 369.17968750
342.79986572 373.62896729
372.74630737 378.12075806
404.24023438 383.11657715
436.99874878 387.97030640
471.21514893 393.57601929
507.52371216 399.32369995
545.09625244 404.98410034
