57.22888565 233.93521118
79.82112122 234.93989563
103.31948090 236.35040283
126.29713440 237.34458923
149.44624329 238.70742798
172.27828979 239.78569031
195.07109070 241.03308105
217.61251831 242.31278992
240.49096680 243.52706909
263.42456055 244.76744080
286.40869141 245.91328430
309.20382690 246.87214661
332.14044189 247.98872375
354.87295532 249.16827393
58.02127075 256.05590820
81.04476929 257.07885742
103.96712494 258.19195557
126.88376617 259.41851807
149.67596436 260.66217041
172.36741638 261.73855591
194.84420776 263.11743164
217.28607178 264.52474976
239.83706665 265.51712036
262.78588867 266.68515015
285.41647339 267.89294434
308.13708496 268.91629028
330.78149414 269.96752930
353.37496948 271.11367798
58.99045944 277.77658081
81.45095062 278.60025024
104.48055267 279.92987061
127.14045715 281.10525513
149.58273315 282.47958374
172.13401794 283.39828491
194.48146057 284.72924805
216.66873169 285.95034790
239.14866638 287.06936646
261.71740723 288.42199707
284.27288818 289.45550537
306.65686035 290.48501587
329.36694336 291.53039551
351.52566528 292.46945190
59.64594269 299.19967651
82.15704346 300.34936523
104.84169769 301.36682129
127.37265778 302.79678345
149.81015015 303.88995361
172.36079407 305.05722046
194.31159973 306.27767944
216.36256409 307.60739136
238.63491821 308.59561157
261.05722046 309.76251221
283.43603516 310.78338623
305.58914185 311.82879639
328.16171265 312.67816162
350.28439331 313.68847656
60.56996155 320.31561279
83.00580597 321.30371094
105.46685028 322.65118408
127.83801270 323.80343628
150.26304626 324.92782593
172.26301575 325.94885254
194.50430298 327.40737915
216.31275940 328.44891357
238.45443726 329.44229126
260.57437134 330.48336792
282.80715942 331.52664185
305.00454712 332.54113770
326.89044189 333.51489258
349.00076294 334.52920532
61.38731003 341.03744507
83.42969513 341.88610840
105.67159271 343.24868774
127.77512360 344.51315308
150.08691406 345.48794556
172.24487305 346.47915649
193.93423462 347.64709473
215.86067200 348.88592529
237.89411926 349.71240234
259.72952271 350.69653320
281.86740112 351.79431152
303.71481323 352.65786743
325.64657593 353.55642700
347.45785522 354.60552979
62.20631409 361.17453003
83.96450806 362.06091309
105.98422241 363.19537354
127.96581268 364.47473145
150.05293274 365.35293579
171.90461731 366.53549194
193.80578613 367.69323730
215.50328064 369.03845215
237.29306030 369.80557251
258.92672729 370.56280518
280.87881470 371.53665161
302.73748779 372.39691162
324.18695068 373.38156128
345.71463013 374.47183228
63.13843155 381.18429565
84.74430084 381.90472412
106.49104309 383.03881836
128.34629822 384.22320557
150.31130981 385.39868164
172.09742737 386.26644897
193.78302002 387.41476440
215.33586121 388.55322266
236.61482239 389.44808960
258.49856567 390.26733398
280.26062012 391.07803345
301.72833252 391.98037720
322.98574829 393.03475952
344.76803589 394.14450073
64.08163452 400.69314575
85.42654419 401.61676025
107.14604950 402.83676147
128.74043274 403.84790039
150.53320312 404.77984619
172.18656921 405.74032593
193.51985168 406.83309937
214.76756287 407.88308716
236.25724792 408.79867554
257.67782593 409.58224487
279.23797607 410.38000488
300.55935669 411.46820068
321.91632080 412.41351318
343.27841187 413.31707764
64.70302582 420.27331543
86.22742462 421.26818848
107.71434021 422.03344727
129.18029785 423.38583374
150.77520752 424.07257080
172.26304626 424.90078735
193.50270081 426.09375000
214.46028137 427.11788940
235.95892334 427.89111328
257.13967896 428.78622437
278.47439575 429.73458862
299.66540527 430.54360962
320.81378174 431.39303589
342.09133911 432.42950439
