113.99019623 99.01898193
148.00599670 98.86763000
182.16592407 99.17786407
215.76408386 99.26803589
249.61921692 99.63282776
283.35140991 99.66773987
317.05792236 100.13354492
350.20254517 100.39273071
383.68936157 100.30444336
417.03741455 101.22016144
450.37152100 101.33260345
483.38754272 101.26523590
516.38409424 101.29945374
549.55029297 101.54835510
114.77922821 132.93746948
148.57485962 132.85363770
182.36436462 132.84399414
216.19943237 133.16027832
249.68794250 133.30128479
283.50650024 133.35403442
316.97900391 133.45947266
350.18643188 133.76876831
383.46145630 133.93511963
416.73889160 134.36341858
449.77337646 134.71931458
482.86352539 134.69407654
515.79638672 134.83683777
549.07281494 134.98458862
115.45703125 166.55612183
149.01336670 166.29734802
182.64871216 166.65122986
216.24694824 166.63125610
249.74708557 166.86085510
283.34039307 166.78280640
316.64932251 166.80886841
349.69201660 167.18786621
382.90612793 167.23002625
416.10263062 167.61849976
449.08035278 167.99670410
481.75515747 168.11012268
514.77081299 168.07411194
547.51965332 168.30279541
116.02528381 199.60168457
149.37814331 200.12229919
183.02157593 200.22135925
216.40596008 200.40325928
249.77851868 200.51606750
283.42950439 200.59664917
316.56811523 200.69122314
349.65924072 200.89004517
382.90451050 201.08532715
415.80587769 201.32783508
448.57077026 201.35070801
481.21929932 201.35655212
513.82690430 201.36218262
546.71765137 201.36636353
116.48764801 233.22050476
150.00592041 233.60377502
183.50592041 233.63134766
217.03681946 233.61706543
250.19461060 233.95408630
283.67813110 233.91833496
316.78073120 234.02641296
349.86795044 234.26634216
382.78927612 234.27255249
415.88113403 234.43350220
448.48358154 234.51696777
480.86984253 234.37210083
513.49169922 234.58900452
546.30883789 234.60002136
117.09748077 266.29699707
150.33695984 266.43930054
183.69110107 266.51272583
216.75148010 266.69830322
250.04226685 266.82757568
283.39544678 266.81161499
316.42037964 266.83538818
349.49697876 267.22863770
382.46240234 266.86175537
415.18826294 266.96835327
447.79718018 267.03015137
480.15863037 266.83142090
512.67578125 266.69186401
545.54309082 266.83148193
117.75250244 298.65243530
150.71353149 298.57455444
183.67509460 298.89346313
216.58654785 299.23764038
249.85542297 299.38568115
283.02581787 299.24795532
316.36630249 299.42968750
349.29858398 299.61666870
381.53753662 299.43664551
414.32720947 299.33139038
446.83944702 298.90515137
479.28210449 298.78149414
511.40383911 298.68917847
544.24548340 298.77667236
118.33227539 331.42041016
151.31008911 331.07656860
184.15736389 331.03323364
217.17822266 331.35659790
250.37028503 331.45785522
283.13845825 331.43362427
316.41250610 331.79336548
349.00335693 331.60693359
381.31805420 331.50793457
413.67648315 331.45138550
446.32797241 330.77349854
478.70309448 330.90509033
510.80755615 331.02774048
543.43920898 331.07489014
118.94306946 363.88082886
151.82577515 363.30288696
184.78469849 363.34823608
217.83598328 363.62725830
250.61381531 363.56777954
283.48367310 363.42456055
316.14642334 363.62655640
348.41992188 363.62115479
380.90463257 363.44030762
413.46594238 363.18920898
445.60711670 362.95623779
478.03524780 362.91424561
510.29376221 363.04800415
542.70025635 362.76327515
119.00782776 396.08816528
152.35966492 395.62756348
185.29020691 395.31927490
218.17898560 395.42608643
250.97583008 395.36157227
283.61795044 395.15734863
316.14596558 395.28753662
348.16970825 395.13702393
380.59896851 394.85339355
412.69265747 394.97668457
445.22644043 394.61236572
477.28176880 394.50476074
509.66873169 394.55636597
541.84039307 394.71166992
