66.24818420 134.78524780
77.42133331 134.55857849
77.42248535 134.55871582
89.03828430 134.38906860
106.57184601 134.57601929
120.07752991 134.21166992
134.34135437 134.18716431
148.56021118 134.14675903
164.14331055 134.03247070
180.46322632 134.08628845
197.75192261 133.91064453
216.08943176 133.50614929
235.46099854 133.12908936
256.05191040 132.56509399
65.79856110 156.69853210
77.42180634 157.22969055
77.42359161 157.22976685
90.59923553 157.32476807
100.50600433 157.91232300
120.77439880 158.62525940
134.89755249 159.13255310
149.23211670 159.73680115
164.69816589 160.11973572
181.02656555 160.77696228
197.84748840 161.16476440
215.99577332 161.73733521
235.28501892 162.28594971
255.78004456 162.91917419
67.95442963 178.98338318
67.95632172 178.98393250
78.16947174 178.66397095
91.29983521 180.17141724
108.12362671 181.77359009
121.56156921 182.59744263
135.21669006 183.76573181
149.59687805 184.75086975
164.94775391 185.97926331
181.05337524 187.44039917
197.90998840 188.58554077
215.98152161 189.76573181
235.32455444 191.22044373
255.70730591 192.55441284
69.13477325 199.97988892
79.64313507 201.43728638
79.64542389 201.43739319
91.38787842 203.02142334
103.74853516 204.67669678
122.29837799 206.82470703
135.78477478 208.26040649
150.22677612 210.30212402
165.42288208 211.86982727
181.64913940 214.07460022
198.61685181 215.81423950
216.53488159 217.97338867
235.89738464 220.17102051
255.90458679 222.49537659
68.84519958 221.59587097
68.84626007 221.59614563
92.28932953 225.24678040
92.29163361 225.24737549
109.79856873 228.64292908
123.15497589 230.34442139
136.73272705 232.76222229
150.77270508 235.03865051
166.18696594 237.57186890
182.50787354 240.03105164
199.63804626 242.63536072
217.76960754 245.47634888
236.57861328 248.53749084
256.41668701 251.66377258
69.84091949 241.79837036
80.98107910 244.80699158
80.98525238 244.80802917
93.44265747 247.13288879
105.24530792 249.96525574
123.73732758 253.66117859
137.23217773 256.37503052
151.45481873 259.32363892
166.81538391 262.26483154
183.45610046 265.58221436
200.42407227 268.83648682
218.18937683 272.32751465
237.02017212 275.87741089
256.61087036 280.13012695
70.35839081 263.48519897
82.57852173 265.66894531
93.54736328 269.23638916
93.54866028 269.23684692
106.57097626 271.60189819
124.42041779 276.33822632
137.87153625 279.78826904
152.22859192 283.42132568
167.44090271 286.81643677
183.70094299 290.57879639
200.68731689 294.46398926
218.67358398 298.56719971
237.14111328 303.19216919
256.74990845 308.00653076
72.45607758 283.82354736
83.29303741 287.31948853
83.29434967 287.31982422
94.77434540 290.28829956
119.63551331 297.32824707
119.63866425 297.32940674
139.09686279 303.13360596
153.34858704 307.30905151
168.33670044 311.18823242
184.51179504 315.39825439
201.72686768 320.07601929
219.27316284 325.14474487
237.43414307 330.19940186
257.16543579 335.76501465
73.20626068 304.88769531
73.20621490 304.88775635
96.20325470 312.14465332
96.20363617 312.14517212
120.89788818 319.83023071
120.90499878 319.83016968
139.99613953 326.25286865
154.23216248 330.58847046
169.40164185 335.44882202
185.48179626 340.32666016
202.25863647 345.45925903
219.58828735 350.93069458
238.09002686 356.85305786
257.65335083 362.98773193
74.86885834 325.28005981
85.30273438 328.77661133
97.00557709 332.88528442
97.00694275 332.88580322
109.46355438 337.56527710
135.85676575 346.77038574
141.27206421 348.84771729
155.42439270 353.87451172
170.49957275 359.14199829
186.26718140 364.83453369
202.81767273 370.55493164
220.32164001 376.72866821
238.99894714 383.04229736
258.22967529 390.26800537
