425.15725708 93.83735657
444.38616943 96.65047455
462.53158569 99.75725555
479.01940918 102.42904663
494.75064087 105.18947601
509.26654053 107.55833435
522.93658447 109.86612701
541.17303467 112.68019104
553.67523193 115.20573425
564.17535400 116.68500519
574.76470947 118.66219330
584.43408203 120.18161774
589.21478271 120.72814178
593.48321533 121.56438446
424.51730347 128.75178528
443.45663452 130.26892090
461.28417969 132.26469421
478.21636963 133.64189148
493.66226196 135.56655884
508.16360474 136.72656250
521.61633301 138.14517212
540.02557373 140.39875793
540.02685547 140.39881897
562.96673584 142.68965149
573.57318115 142.71328735
583.40869141 144.28367615
587.99359131 144.58082581
592.48730469 144.80850220
423.74249268 162.99659729
442.38522339 163.33685303
460.22595215 164.20921326
477.30371094 164.48887634
492.44763184 165.41183472
507.02362061 165.74197388
520.52838135 166.22497559
539.19171143 166.63026428
550.89935303 167.13887024
561.57806396 167.47579956
572.47357178 167.78317261
581.91943359 167.85092163
586.62194824 167.94410706
591.03021240 168.31146240
422.72622681 197.00485229
441.38140869 196.56463623
459.08789062 195.88867188
476.19598389 195.48899841
491.46292114 195.27671814
505.72662354 194.64546204
526.52380371 193.99606323
537.40142822 193.74298096
549.40594482 193.25845337
560.48883057 192.77021790
570.89941406 192.57366943
580.12451172 192.13877869
584.19091797 191.71817017
589.38275146 191.51097107
421.72070312 230.82684326
439.86239624 229.42323303
458.15002441 227.45118713
475.23046875 226.00819397
490.37847900 224.55885315
504.59765625 223.19987488
525.08264160 221.49224854
536.51092529 219.77381897
548.34124756 219.23637390
558.61132812 217.70712280
558.61236572 217.70692444
573.76245117 215.91555786
583.81921387 215.18273926
588.21936035 214.91717529
420.60366821 264.28100586
438.86923218 261.13348389
456.82687378 258.49703979
473.82009888 255.75393677
488.84854126 253.40382385
503.23751831 251.08116150
523.99572754 247.55979919
535.59576416 246.22688293
546.40222168 243.72560120
557.09735107 242.30917358
567.40643311 240.37532043
577.33471680 238.68435669
581.62426758 237.98292542
586.28216553 237.26834106
419.47619629 296.98037720
437.56600952 292.62167358
455.34973145 288.58380127
472.06414795 285.24752808
487.32110596 281.81414795
501.62124634 278.56433105
522.12298584 274.89230347
533.40930176 271.28213501
545.30242920 269.24749756
555.33648682 266.05154419
565.80029297 264.38269043
570.91046143 262.80993652
580.86224365 260.54937744
585.26300049 259.73599243
418.04992676 329.41082764
436.45645142 323.69863892
454.01379395 318.73919678
470.70892334 314.39208984
485.94909668 310.03726196
500.27029419 305.68994141
520.46405029 300.16226196
531.99652100 297.53890991
543.36883545 293.39578247
554.30920410 290.35733032
564.09069824 287.45263672
569.03442383 286.23693848
578.66693115 283.52807617
587.22021484 281.07357788
416.70098877 361.51419067
435.03778076 354.79370117
452.61215210 348.75921631
469.26095581 343.44204712
484.28900146 338.04666138
498.47644043 333.21365356
518.62426758 327.11834717
530.36730957 321.95953369
542.10839844 318.47772217
552.80480957 313.99014282
562.74096680 311.37084961
567.48114014 309.54891968
577.61657715 305.73086548
582.09838867 304.56188965
415.29443359 393.43923950
433.72052002 385.63098145
451.19610596 378.58789062
467.84335327 372.21292114
482.68969727 365.85913086
496.96194458 360.04629517
516.71405029 352.33560181
528.66601562 347.48950195
540.37249756 342.47152710
551.47058105 338.37982178
561.57708740 334.08456421
571.58813477 329.87896729
576.33068848 327.79318237
583.85546875 325.11270142
