210.82478333 93.13191223
239.50614929 103.26285553
268.02590942 113.25309753
295.68905640 123.08129883
323.16790771 132.73962402
349.44097900 142.13545227
375.50686646 151.42263794
400.80303955 160.57800293
425.58142090 169.37319946
449.79977417 178.42005920
473.60711670 186.80430603
496.95495605 194.92781067
519.70751953 202.75097656
542.25488281 210.80178833
202.17984009 121.59369659
230.38908386 131.13676453
258.64266968 140.62277222
286.10583496 150.12158203
313.13034058 159.45294189
339.48855591 168.33312988
365.24432373 177.37313843
390.23245239 186.25299072
414.82904053 194.61064148
439.04104614 203.05990601
462.65362549 211.28118896
485.79742432 219.25144958
508.50997925 226.93394470
530.70068359 234.45288086
193.28678894 149.21908569
221.40486145 158.33790588
249.10368347 167.52377319
276.62551880 176.51892090
303.33782959 185.56143188
329.45849609 194.22222900
355.06503296 202.63447571
379.74572754 211.25430298
404.32110596 219.15246582
428.18969727 227.44927979
451.61474609 235.13500977
474.58499146 242.64071655
497.15142822 249.95101929
519.19012451 257.43447876
184.50280762 176.22457886
212.46580505 185.06861877
240.13613892 194.11126709
267.27429199 203.02627563
293.61541748 211.47496033
319.69961548 219.67112732
344.88748169 227.83656311
369.61880493 236.13243103
394.05273438 243.70976257
417.60464478 251.38668823
440.94863892 258.79861450
463.56027222 266.06167603
485.84658813 273.00402832
508.09698486 279.90179443
176.50894165 202.61019897
203.91857910 211.25837708
231.25268555 219.77357483
258.21618652 228.51983643
284.46060181 236.57632446
310.27780151 244.57846069
335.47341919 252.22070312
359.72131348 260.18429565
384.09680176 267.44812012
407.46035767 274.68127441
430.76138306 281.57772827
453.05972290 288.46429443
475.36270142 295.25988770
497.34179688 302.28662109
168.05706787 228.26443481
195.44653320 236.18054199
222.55123901 244.51464844
249.08924866 252.71812439
275.15161133 260.59582520
300.73510742 268.17242432
325.70599365 276.07727051
350.18713379 283.43914795
374.08593750 290.28347778
397.45101929 297.14297485
420.43554688 303.83557129
442.70077515 310.24346924
464.87902832 316.70373535
486.65640259 323.47348022
160.56146240 253.08500671
187.34736633 260.64953613
213.94657898 268.72912598
240.29742432 276.64743042
266.21798706 284.02386475
291.43368530 291.44134521
316.56704712 298.79547119
340.66793823 305.91769409
364.11965942 312.32415771
387.32153320 318.98883057
410.25720215 325.20526123
432.69479370 331.45071411
454.44113159 337.62197876
476.16464233 344.01647949
152.72264099 277.24050903
179.68014526 284.65963745
206.13870239 291.77368164
232.13247681 299.72616577
257.71963501 307.03396606
282.70870972 313.86352539
307.49905396 321.18695068
331.47366333 327.73318481
354.68750000 334.14868164
377.74227905 340.26293945
400.62780762 346.18182373
422.76934814 352.41879272
444.48498535 358.49630737
466.12222290 364.48171997
145.46554565 301.08569336
172.03674316 307.83551025
198.28703308 315.20831299
224.07940674 322.57467651
249.42918396 329.45230103
274.30102539 336.02432251
298.31979370 342.72070312
322.15667725 349.22729492
345.52008057 355.26498413
368.42919922 361.31231689
391.12420654 367.00848389
413.14779663 373.02575684
434.81863403 378.63854980
455.97271729 384.48794556
137.89936829 324.03030396
164.61489868 330.84835815
190.46421814 337.60827637
216.22317505 344.59930420
241.31622314 351.17526245
265.70919800 357.46054077
289.76831055 363.90893555
313.17605591 370.15942383
336.40637207 375.98782349
359.07775879 381.70089722
381.58261108 387.37179565
403.57940674 393.05715942
424.98797607 398.56915283
446.27902222 404.01559448
