111.09777832 158.55822754
135.63378906 149.53025818
160.13708496 141.07707214
183.86958313 132.32347107
207.43205261 124.25669861
230.24659729 115.79534912
252.88632202 108.01654053
274.66687012 100.02800751
296.64166260 92.41936493
317.73757935 85.06573486
338.85501099 77.56287384
359.18536377 70.19449615
379.23690796 63.22479248
398.75836182 56.16703033
120.95451355 181.27384949
145.56536865 172.17944336
169.73052979 163.28790283
193.70558167 154.37684631
217.21386719 145.77465820
240.07850647 137.31451416
262.56158447 129.07318115
284.50427246 121.09616852
306.16372681 113.12593842
327.54098511 105.44562531
348.46163940 97.77915955
369.15509033 90.24746704
388.86990356 82.87812042
408.76571655 75.99649048
130.63037109 204.28086853
155.27000427 194.66802979
179.56248474 185.76600647
203.39010620 176.41157532
226.83798218 167.70065308
249.65913391 158.84698486
272.25839233 150.40065002
294.16476440 142.07899475
315.80892944 134.01786804
337.10955811 126.14225006
358.19430542 118.31565094
378.51208496 110.69676971
398.70928955 103.05883026
418.09613037 95.83541107
140.47157288 227.45329285
165.27452087 218.11784363
189.44104004 208.40197754
213.33929443 199.09747314
236.71101379 190.12113953
259.68942261 181.05738831
282.10354614 172.30461121
304.31317139 163.88043213
325.90469360 155.41769409
347.44946289 147.42750549
368.23849487 139.27961731
388.48770142 131.48823547
408.44555664 123.82089233
428.37036133 116.17342377
150.35054016 250.94700623
174.99842834 241.36723328
199.54975891 231.53581238
223.50318909 221.72369385
247.00901794 212.53800964
269.88821411 203.25291443
292.51226807 194.24528503
314.54367065 185.44612122
336.35345459 176.72760010
357.59570312 168.55438232
378.51568604 160.46057129
398.74960327 152.33998108
418.77819824 144.55705261
438.50973511 136.46456909
160.24758911 274.58581543
184.78700256 264.57214355
209.37405396 254.50259399
233.25094604 244.65805054
256.64334106 235.04847717
279.68466187 225.56091309
302.35922241 216.24311829
324.59133911 207.40492249
346.35128784 198.38549805
367.62951660 190.21334839
388.43960571 181.63420105
408.59933472 173.24707031
428.64614868 164.89067078
448.50549316 156.99908447
170.34297180 298.25469971
194.68290710 287.95938110
218.97175598 277.78173828
242.98747253 267.63751221
266.42449951 257.95968628
289.58972168 248.18202209
312.55364990 238.63917542
334.72332764 229.36195374
356.21603394 220.37466431
377.21313477 211.64761353
398.26049805 202.75079346
418.40563965 194.13546753
438.26528931 185.64729309
457.90722656 177.48669434
180.52848816 322.26596069
204.90847778 311.55877686
229.15347290 301.18066406
253.26860046 290.80862427
276.87030029 280.76199341
299.87118530 270.89123535
322.93170166 261.19985962
344.94369507 251.59072876
366.26000977 242.35836792
387.52200317 233.34606934
408.15603638 224.13900757
428.64505005 215.34182739
448.48339844 206.63514709
468.21560669 198.21810913
190.90376282 346.63546753
215.44741821 335.65866089
239.62872314 324.92767334
263.92758179 314.47503662
287.21737671 304.22042847
310.30880737 293.96789551
332.89538574 284.02902222
354.90164185 274.33792114
376.58810425 264.58786011
397.64038086 255.37345886
418.38668823 245.99108887
438.60470581 236.76751709
458.65774536 227.96815491
478.35403442 219.15802002
201.16638184 371.25634766
225.77761841 359.83529663
250.20379639 348.78213501
274.31604004 338.08880615
297.86553955 327.50961304
320.55831909 317.13107300
343.35049438 306.87072754
365.19082642 296.86135864
386.68771362 287.03469849
407.86541748 277.45169067
428.58895874 267.75869751
448.94082642 258.37765503
468.89151001 249.28475952
488.48532104 240.50401306
