0.00000000 0.00000000 0.00000000
6.00000000 0.00000000 0.00000000
12.00000000 0.00000000 0.00000000
18.00000000 0.00000000 0.00000000
24.00000000 0.00000000 0.00000000
30.00000000 0.00000000 0.00000000
36.00000000 0.00000000 0.00000000
42.00000000 0.00000000 0.00000000
48.00000000 0.00000000 0.00000000
54.00000000 0.00000000 0.00000000
60.00000000 0.00000000 0.00000000
66.00000000 0.00000000 0.00000000
72.00000000 0.00000000 0.00000000
78.00000000 0.00000000 0.00000000
0.00000000 6.00000000 0.00000000
6.00000000 6.00000000 0.00000000
12.00000000 6.00000000 0.00000000
18.00000000 6.00000000 0.00000000
24.00000000 6.00000000 0.00000000
30.00000000 6.00000000 0.00000000
36.00000000 6.00000000 0.00000000
42.00000000 6.00000000 0.00000000
48.00000000 6.00000000 0.00000000
54.00000000 6.00000000 0.00000000
60.00000000 6.00000000 0.00000000
66.00000000 6.00000000 0.00000000
72.00000000 6.00000000 0.00000000
78.00000000 6.00000000 0.00000000
0.00000000 12.00000000 0.00000000
6.00000000 12.00000000 0.00000000
12.00000000 12.00000000 0.00000000
18.00000000 12.00000000 0.00000000
24.00000000 12.00000000 0.00000000
30.00000000 12.00000000 0.00000000
36.00000000 12.00000000 0.00000000
42.00000000 12.00000000 0.00000000
48.00000000 12.00000000 0.00000000
54.00000000 12.00000000 0.00000000
60.00000000 12.00000000 0.00000000
66.00000000 12.00000000 0.00000000
72.00000000 12.00000000 0.00000000
78.00000000 12.00000000 0.00000000
0.00000000 18.00000000 0.00000000
6.00000000 18.00000000 0.00000000
12.00000000 18.00000000 0.00000000
18.00000000 18.00000000 0.00000000
24.00000000 18.00000000 0.00000000
30.00000000 18.00000000 0.00000000
36.00000000 18.00000000 0.00000000
42.00000000 18.00000000 0.00000000
48.00000000 18.00000000 0.00000000
54.00000000 18.00000000 0.00000000
60.00000000 18.00000000 0.00000000
66.00000000 18.00000000 0.00000000
72.00000000 18.00000000 0.00000000
78.00000000 18.00000000 0.00000000
0.00000000 24.00000000 0.00000000
6.00000000 24.00000000 0.00000000
12.00000000 24.00000000 0.00000000
18.00000000 24.00000000 0.00000000
24.00000000 24.00000000 0.00000000
30.00000000 24.00000000 0.00000000
36.00000000 24.00000000 0.00000000
42.00000000 24.00000000 0.00000000
48.00000000 24.00000000 0.00000000
54.00000000 24.00000000 0.00000000
60.00000000 24.00000000 0.00000000
66.00000000 24.00000000 0.00000000
72.00000000 24.00000000 0.00000000
78.00000000 24.00000000 0.00000000
0.00000000 30.00000000 0.00000000
6.00000000 30.00000000 0.00000000
12.00000000 30.00000000 0.00000000
18.00000000 30.00000000 0.00000000
24.00000000 30.00000000 0.00000000
30.00000000 30.00000000 0.00000000
36.00000000 30.00000000 0.00000000
42.00000000 30.00000000 0.00000000
48.00000000 30.00000000 0.00000000
54.00000000 30.00000000 0.00000000
60.00000000 30.00000000 0.00000000
66.00000000 30.00000000 0.00000000
72.00000000 30.00000000 0.00000000
78.00000000 30.00000000 0.00000000
0.00000000 36.00000000 0.00000000
6.00000000 36.00000000 0.00000000
12.00000000 36.00000000 0.00000000
18.00000000 36.00000000 0.00000000
24.00000000 36.00000000 0.00000000
30.00000000 36.00000000 0.00000000
36.00000000 36.00000000 0.00000000
42.00000000 36.00000000 0.00000000
48.00000000 36.00000000 0.00000000
54.00000000 36.00000000 0.00000000
60.00000000 36.00000000 0.00000000
66.00000000 36.00000000 0.00000000
72.00000000 36.00000000 0.00000000
78.00000000 36.00000000 0.00000000
0.00000000 42.00000000 0.00000000
6.00000000 42.00000000 0.00000000
12.00000000 42.00000000 0.00000000
18.00000000 42.00000000 0.00000000
24.00000000 42.00000000 0.00000000
30.00000000 42.00000000 0.00000000
36.00000000 42.00000000 0.00000000
42.00000000 42.00000000 0.00000000
48.00000000 42.00000000 0.00000000
54.00000000 42.00000000 0.00000000
60.00000000 42.00000000 0.00000000
66.00000000 42.00000000 0.00000000
72.00000000 42.00000000 0.00000000
78.00000000 42.00000000 0.00000000
0.00000000 48.00000000 0.00000000
6.00000000 48.00000000 0.00000000
12.00000000 48.00000000 0.00000000
18.00000000 48.00000000 0.00000000
24.00000000 48.00000000 0.00000000
30.00000000 48.00000000 0.00000000
36.00000000 48.00000000 0.00000000
42.00000000 48.00000000 0.00000000
48.00000000 48.00000000 0.00000000
54.00000000 48.00000000 0.00000000
60.00000000 48.00000000 0.00000000
66.00000000 48.00000000 0.00000000
72.00000000 48.00000000 0.00000000
78.00000000 48.00000000 0.00000000
0.00000000 54.00000000 0.00000000
6.00000000 54.00000000 0.00000000
12.00000000 54.00000000 0.00000000
18.00000000 54.00000000 0.00000000
24.00000000 54.00000000 0.00000000
30.00000000 54.00000000 0.00000000
36.00000000 54.00000000 0.00000000
42.00000000 54.00000000 0.00000000
48.00000000 54.00000000 0.00000000
54.00000000 54.00000000 0.00000000
60.00000000 54.00000000 0.00000000
66.00000000 54.00000000 0.00000000
72.00000000 54.00000000 0.00000000
78.00000000 54.00000000 0.00000000
