211.48115540 149.04441833
229.65592957 148.50051880
248.34819031 148.08389282
267.01580811 147.37358093
285.66180420 147.05229187
304.58016968 146.41326904
323.25347900 146.08927917
342.05181885 145.64721680
360.79550171 145.32214355
379.71026611 144.96142578
398.56552124 144.55021667
417.32885742 144.03616333
436.34176636 143.50991821
455.10644531 143.20701599
212.13922119 167.65478516
230.58337402 167.17126465
249.24263000 166.51724243
267.70809937 166.07882690
286.47421265 165.77603149
305.21484375 165.18054199
323.74731445 164.83154297
342.47750854 164.45355225
361.23315430 163.98718262
380.16333008 163.74093628
398.71942139 163.32466125
417.69357300 162.94122314
436.44281006 162.41871643
455.33645630 162.02519226
212.88758850 186.26521301
231.22093201 185.69699097
249.68875122 185.26266479
268.31915283 184.71714783
286.84262085 184.44920349
305.59255981 183.87628174
324.16430664 183.44548035
342.63592529 183.25167847
361.42443848 182.69400024
380.12664795 182.51509094
398.87451172 182.09542847
417.56475830 181.64935303
436.50854492 181.25674438
455.01513672 180.70126343
213.48559570 204.57225037
231.78781128 204.35069275
250.38465881 203.79885864
268.74255371 203.45561218
287.43719482 203.29507446
306.20703125 202.75225830
324.61737061 202.38217163
343.04568481 202.15936279
361.78713989 201.61007690
380.59011841 201.41687012
399.08743286 201.19190979
417.79928589 200.55342102
436.49295044 200.19329834
455.39181519 199.72901917
214.38127136 223.13462830
232.43682861 222.72132874
251.05361938 222.51872253
269.55822754 222.14651489
288.07171631 221.79605103
306.71588135 221.36114502
325.27554321 221.15936279
343.65289307 220.71820068
362.36456299 220.32759094
381.01162720 220.10749817
399.73092651 219.55094910
418.18612671 219.29089355
436.89242554 218.76670837
455.58782959 218.34634399
215.14024353 241.45037842
233.11653137 240.98883057
251.43730164 240.61573792
269.83193970 240.44126892
288.43154907 240.17201233
307.03414917 239.67541504
325.45651245 239.41638184
343.92510986 239.18493652
362.57363892 238.75408936
381.26443481 238.45701599
399.78524780 238.08680725
418.33261108 237.55987549
436.85519409 237.17993164
455.53723145 236.71945190
215.77465820 259.44644165
233.71670532 259.18756104
252.04039001 258.80856323
270.39071655 258.50640869
288.78735352 258.29080200
307.39447021 257.81097412
325.92553711 257.64187622
344.43997192 257.46490479
362.66598511 256.92291260
381.22796631 256.59634399
399.89605713 256.06591797
418.33181763 255.62695312
436.83645630 255.22691345
455.36749268 254.86982727
216.60240173 277.41500854
234.71461487 276.91775513
252.56840515 276.64694214
270.96697998 276.58242798
289.54885864 276.24972534
307.76004028 275.82357788
326.52886963 275.74450684
344.70114136 275.47363281
363.07275391 275.18579102
381.50982666 274.73846436
399.94088745 274.16842651
418.54763794 273.67929077
436.88046265 273.45120239
455.49517822 273.11227417
217.50981140 295.41238403
235.35525513 294.87695312
253.56488037 294.70846558
271.76669312 294.53457642
290.06643677 294.47448730
308.44430542 293.91363525
326.75897217 293.80493164
345.04083252 293.49386597
363.28909302 293.06500244
381.78585815 292.74917603
400.19522095 292.32446289
418.50112915 291.96789551
437.16207886 291.50610352
455.50402832 291.21566772
218.13256836 313.09313965
236.24250793 312.76049805
254.18496704 312.51556396
272.48519897 312.48342896
290.75347900 312.11254883
309.17114258 311.90737915
327.21914673 311.61721802
345.28582764 311.25515747
363.75292969 311.09384155
382.00891113 310.73498535
400.50317383 310.25448608
418.74374390 309.94766235
436.97924805 309.54412842
455.54647827 309.31585693
