268.82305908 213.94100952
294.35531616 212.44540405
320.23504639 211.09680176
345.95697021 209.58103943
371.63925171 208.44981384
396.89965820 207.09426880
422.31631470 205.85668945
447.22476196 204.57026672
472.40872192 203.10285950
497.41336060 202.03396606
522.81396484 200.51847839
547.73223877 199.16996765
572.97259521 197.47294617
597.96533203 196.27209473
270.63711548 239.65715027
296.16226196 237.90441895
321.60327148 236.48948669
347.33905029 235.22254944
372.88320923 233.68072510
398.27301025 232.37243652
423.25323486 231.05142212
447.95346069 229.79649353
473.07183838 228.35252380
498.13424683 227.00325012
523.16625977 225.62149048
548.48797607 224.34468079
573.42260742 222.69943237
598.41156006 221.38545227
272.16595459 264.72778320
297.43151855 263.10577393
322.96145630 261.79183960
348.54031372 260.52603149
373.72210693 259.18136597
399.03634644 257.47271729
423.99420166 256.11727905
448.61914062 254.75141907
473.46896362 253.38478088
498.41168213 252.16040039
523.43786621 250.83419800
548.49163818 249.05329895
573.49719238 247.58779907
598.12744141 246.29693604
273.74093628 289.59280396
299.03649902 288.27221680
324.52059937 286.72937012
349.83871460 285.62985229
375.20864868 284.25045776
400.09985352 282.64788818
424.73330688 281.24707031
449.53939819 279.94555664
474.40170288 278.41201782
499.07025146 277.11273193
523.80834961 275.59799194
548.66229248 274.15341187
573.49353027 272.54843140
598.47180176 271.02157593
275.36926270 314.45687866
300.41125488 313.19857788
325.83502197 311.74813843
351.35263062 310.33575439
376.30545044 309.01644897
401.18682861 307.36181641
426.00036621 305.84234619
450.49191284 304.59283447
475.25183105 302.96380615
499.71820068 301.52041626
524.44104004 300.12863159
549.35223389 298.46899414
573.96160889 297.21777344
598.69396973 295.65322876
276.83627319 338.73281860
301.63281250 337.33093262
326.80191040 335.91323853
352.10232544 334.64273071
376.90216064 333.17874146
401.89315796 331.57446289
426.63592529 330.12155151
451.12857056 328.64916992
475.66564941 327.16320801
500.18353271 325.70358276
524.85345459 324.25582886
549.44195557 322.70120239
574.03857422 321.12127686
598.75970459 319.70959473
278.56387329 362.59228516
303.20529175 361.22793579
327.91134644 359.62652588
352.76428223 358.47732544
377.69995117 357.09606934
402.43728638 355.37023926
427.31253052 354.03088379
451.75732422 352.52297974
476.03036499 351.01763916
500.41403198 349.66983032
525.12084961 347.98333740
549.57873535 346.46817017
574.05676270 344.85095215
598.48535156 343.60000610
279.88803101 386.48901367
304.54318237 384.78762817
329.31481934 383.24642944
354.06564331 381.95794678
378.85525513 380.58526611
403.44409180 379.08016968
428.02410889 377.61950684
452.44552612 376.18154907
476.62152100 374.69308472
500.85540771 373.07138062
525.52954102 371.41333008
550.21228027 370.15533447
574.25897217 368.79672241
598.56738281 367.40924072
281.61532593 410.25164795
306.02020264 408.40301514
330.68646240 406.89187622
355.29226685 405.67025757
380.12780762 404.24008179
404.31591797 402.53585815
428.86309814 401.34005737
452.83679199 399.83239746
477.35363770 398.39904785
501.57470703 397.00689697
526.22747803 395.40188599
550.29321289 393.69952393
574.41577148 392.35684204
598.62243652 390.75143433
282.85321045 433.71035767
307.43124390 432.11111450
331.94058228 430.34982300
356.46905518 429.13238525
380.91870117 427.50650024
405.32397461 426.07342529
429.72619629 424.73217773
453.50445557 423.22851562
478.14254761 421.68487549
502.38864136 420.47753906
526.52734375 418.64831543
550.61029053 417.25476074
574.65985107 415.72525024
598.32397461 414.07055664
